Date;Total;Deaths;Recovered;New Deaths;New Cases;Total Actual Positive
24/2/2020;16;0;14;0;1;2
25/2/2020;17;0;14;0;1;3
26/02/20;27;0;15;0;10;12
27/02/20;46;0;16;0;19;30
28/02/20;48;0;16;0;2;32
29/02/20;79;0;16;0;31;63
01/03/20;130;0;16;0;51;114
02/03/20;159;0;16;0;29;143
03/03/20;196;0;16;0;37;180
04/03/20;262;0;16;0;66;246
05/03/20;482;0;16;0;220;466
06/03/20;670;0;17;0;188;653
07/03/20;799;0;18;0;129;781
08/03/20;1040;0;18;0;241;1022
09/03/20;1176;2;18;2;136;1156
10/03/20;1457;2;18;0;281;1437
11/03/20;1908;3;25;1;451;1880
12/03/20;2078;3;25;0;170;2050
13/03/20;3675;7;46;4;1597;3622
14/03/20;4585;9;46;2;910;4530
15/03/20;5795;11;46;2;1210;5738
16/03/20;7272;17;67;6;1477;7188
17/03/20;9257;24;67;7;1985;9166
18/03/20;12327;28;105;4;3070;12194
19/03/20;15320;44;115;16;2993;15161
20/03/20;19848;68;180;24;4528;19600
21/03/20;22364;84;239;16;2516;22041
22/03/20;24873;94;266;10;2509;24513
23/03/20;29056;123;453;29;4183;28480
24/3/2020;32991;159;3290;36;3935;29542
25/3/2020;37323;206;3547;47;4332;33570
26/3/2020;43211;262;5678;56;5888;37271
27/3/2020;49039;323;6932;61;5828;41784
28/3/2020;54268;398;8481;75;5229;45389
29/3/2020;58655;456;9291;58;4387;48908
30/3/2020;66125;616;13500;160;7470;52009
31/3/2020;70985;702;15826;86;4860;54457
1/4/2020;77779;909;19175;207;6794;57695
2/4/2020;84788;1107;22440;198;7009;61241
3/4/2020;91159;1275;24981;168;6371;64903
4/4/2020;95614;1427;26144;152;4455;68043
5/4/2020;100024;1576;26469;149;4410;71979
6/4/2020;101806;1680;36081;104;1782;64045
7/4/2020;107458;1983;36287;303;5652;69188
8/4/2020;111779;2196;43656;213;4321;65927
9/4/2020;115523;2451;52407;255;3744;60665
10/4/2020;120157;2688;55980;237;4634;61489
11/4/2020;124288;2736;58190;48;4131;63362
12/4/2020;127459;2996;60260;260;3171;64203
13/4/2020;128208;3043;62925;47;749;62240
14/4/2020;131359;3294;67056;251;3151;61009
15/4/2020;133456;3592;71995;298;2097;57869
16/4/2020;136569;3943;76881;351;3113;55745
17/4/2020;139702;4203;83114;260;3133;52385
18/4/2020;143160;4451;85400;248;3458;53309
19/4/2020;145184;4586;88000;135;2024;52598
20/4/2020;146653;4706;91500;120;1469;50447
21/4/2020;148291;5033;95200;327;1638;48058
22/4/2020;150062;5250;99400;217;1771;45412
23/4/2020;151285;5367;103300;117;1223;42618
24/4/2020;154545;5723;106800;356;3260;42022
25/4/2020;156126;5846;109800;123;1581;40480
26/4/2020;157495;5944;112000;98;1369;39551
27/4/2020;158132;6050;114500;106;637;37582
28/4/2020;159431;6215;117400;165;1299;35816
29/4/2020;161173;6399;120400;184;1742;34374
30/4/2020;162530;6572;123500;173;1357;32458
1/5/2020;163936;6708;126900;136;1406;30328
2/5/2020;164967;6794;129000;86;1031;29173
3/5/2020;165565;6848;130600;54;598;28117
4/5/2020;165914;6935;132700;87;349;26279
5/5/2020;166706;6993;135278;58;792;24435
6/5/2020;167817;7275;137696;282;1111;22846
7/5/2020;169430;7392;140004;117;1613;22034
8/5/2020;170489;7468;141936;76;1059;21085
9/5/2020;171324;7549;143370;81;835;20405
10/5/2020;171780;7560;144575;11;456;19645
11/5/2020;172517;7653;145617;93;737;19247
12/5/2020;173042;7722;147298;69;525;18022
13/5/2020;174098;7859;148700;137;1056;17539
14/5/2020;174478;7884;150300;25;380;16294
15/5/2020;175233;7897;151597;13;755;15739
16/5/2020;175752;7938;152600;41;519;15214
17/5/2020;176369;7962;154011;24;617;14396
18/5/2020;176551;8003;155041;41;182;13507
19/5/2020;177778;8081;155681;78;1227;14016
20/5/2020;178473;8144;156966;63;695;13363
21/5/2020;178748;8203;158057;59;275;12488
22/5/2020;179710;8228;159064;25;962;12418
23/5/2020;179945;8261;159716;33;235;11968
24/5/2020;180328;8283;160281;22;383;11764
25/5/2020;180595;8309;161199;26;267;11087
26/5/2020;181189;8372;161967;63;594;10850
27/5/2020;181524;8428;162820;56;335;10276
28/5/2020;182196;8470;163360;42;672;10366
29/5/2020;182922;8504;164245;34;726;10173
30/5/2020;183189;8530;164908;26;267;9751
31/5/2020;183410;8540;165352;10;221;9518
1/6/2020;183594;8555;165632;15;184;9407
2/6/2020;183771;8557;166343;2;177;8871
3/6/2020;184121;8602;167453;45;350;8066
4/6/2020;184472;8635;167909;33;351;7928
5/6/2020;184924;8658;168480;23;452;7786
6/6/2020;185450;8673;168958;15;526;7819
7/6/2020;185750;8685;169224;12;300;7841
8/6/2020;186109;8695;169556;10;359;7858
9/6/2020;186506;8736;170129;41;397;7641
10/6/2020;186522;8752;170630;16;16;7140
11/6/2020;186691;8772;170961;20;169;6958
12/6/2020;187226;8783;171535;11;535;6908
13/6/2020;187267;8793;171970;10;41;6504
14/6/2020;187518;8801;172089;8;251;6628
15/6/2020;187682;8807;172692;6;164;6183
16/6/2020;188252;8820;172842;13;570;6590
17/6/2020;189261;8851;173599;31;1009;6811
18/6/2020;189810;8875;173847;24;549;7088
19/6/2020;190299;8887;173972;12;489;7440
20/6/2020;190670;8895;174609;8;371;7166
21/6/2020;191272;8895;174740;0;602;7637
22/6/2020;191768;8899;175143;4;496;7726
23/6/2020;192480;8914;175825;15;712;7741
24/6/2020;192871;8928;176422;14;391;7521
25/6/2020;193371;8940;176764;12;500;7667
26/6/2020;194036;8965;177149;25;665;7922
27/6/2020;194458;8968;177518;3;422;7972
28/6/2020;194693;8968;177657;0;235;8068
29/6/2020;195042;8976;177770;8;349;8296
30/6/2020;195418;8990;178100;14;376;8328
1/7/2020;195860;8995;179100;5;442;7765
2/7/2020;196370;9006;179800;11;510;7564
3/7/2020;196780;9010;180300;4;410;7470
4/7/2020;197198;9020;181000;10;418;7178
5/7/2020;197523;9023;181719;3;325;6781
6/7/2020;198064;9022;182160;-1;541;6882
7/7/2020;198343;9032;182661;10;279;6650
8/7/2020;198699;9046;183153;14;356;6500
9/7/2020;199001;9057;183728;11;302;6216
10/7/2020;199332;9063;184028;6;331;6241
11/7/2020;199709;9070;184266;7;377;6373
12/7/2020;199919;9071;184414;1;210;6434
13/7/2020;200180;9074;185100;3;261;6006
14/7/2020;200456;9078;185100;4;276;6278
15/7/2020;200890;9080;186000;2;434;5810
16/7/2020;201450;9087;186400;7;560;5963
17/7/2020;202045;9088;186900;1;595;6057
18/7/2020;202426;9091;187200;3;381;6135
19/7/2020;202735;9092;187400;1;309;6243
20/7/2020;203325;9094;188070;2;590;6161
21/7/2020;203717;9099;188221;5;392;6397
22/7/2020;204276;9102;188628;3;559;6546
23/7/2020;204881;9110;189140;8;605;6631
24/7/2020;205623;9120;189664;10;742;6839
25/7/2020;206278;9124;189919;4;655;7235
26/7/2020;206667;9124;190055;0;389;7488
27/7/2020;207112;9125;190314;1;445;7673
28/7/2020;207707;9131;190711;6;595;7865
29/7/2020;208546;9135;191279;4;839;8132
30/7/2020;209535;9144;191551;9;989;8840
31/7/2020;209736;9147;191551;3;201;9038
1/8/2020;211005;9154;192636;7;1269;9215
2/8/2020;211220;9154;192908;0;215;9158
3/8/2020;212111;9154;193594;0;891;9363
4/8/2020;212828;9163;194173;9;717;9492
5/8/2020;213787;9179;194568;16;959;10040
6/8/2020;215039;9181;195281;2;1252;10577
7/8/2020;216196;9195;195935;14;1157;11066
8/8/2020;216888;9201;196550;6;692;11137
9/8/2020;217286;9202;196783;1;398;11301
10/8/2020;218508;9203;197382;1;1222;11923
11/8/2020;219540;9208;198347;5;1032;11985
12/8/2020;220859;9213;198991;5;1319;12655
13/8/2020;222281;9217;199654;4;1422;13410
14/8/2020;223790;9230;200440;13;1509;14120
15/8/2020;224488;9235;200756;5;698;14497
16/8/2020;225007;9235;201187;0;519;14585
17/8/2020;226620;9236;202249;1;1613;15135
18/8/2020;228120;9241;203677;5;1500;15202