Date;Total (official);Deaths (official);Recovered;Stockholm;Västra Götland;Örebro;Skåne;Total JKU;Total Guess;R2 Values Exponential Fitting Deaths;New Cases (official);New Deaths (official);Increment New Cases (official);Increment New Deaths (official);Actual New Deaths (official);TOTAL Actual Deaths (official);TOTAL Actual Cases (official)
31/01/20;1;0;0;0;0;0;0;1;1;0;0;0;0;0;0;0;0
26/02/20;2;0;0;0;1;0;0;2;2;0;1;0;1;0;0;0;1
27/02/20;7;0;0;1;4;0;0;7;7;0;1;0;0;0;0;0;2
28/02/20;11;0;0;3;4;0;0;7;11;0;8;0;7;0;0;0;10
29/02/20;13;0;0;4;5;0;0;12;13;0;3;0;-5;0;0;0;13
01/03/20;14;0;0;4;6;0;0;14;14;0;0;0;-3;0;0;0;13
02/03/20;15;0;0;5;6;0;0;15;15;0;5;0;5;0;0;0;18
03/03/20;30;0;0;15;9;0;1;21;30;0;13;0;8;0;0;0;31
04/03/20;52;0;0;31;11;1;2;35;52;0;30;0;17;0;0;0;61
05/03/20;94;0;0;59;12;1;9;94;94;0;25;0;-5;0;0;0;86
06/03/20;137;0;0;80;14;1;14;101;137;0;59;0;34;0;0;0;145
07/03/20;162;0;0;102;14;1;17;161;162;0;33;0;-26;0;0;0;178
08/03/20;203;0;0;115;26;4;22;203;203;0;46;0;13;0;0;0;224
09/03/20;259;0;1;147;33;4;22;248;259;0;101;0;55;0;0;0;325
10/03/20;355;0;1;207;48;5;25;355;355;0;98;0;-3;0;0;0;423
11/03/20;497;1;1;233;85;7;60;500;497;0;196;1;98;1;1;1;619
12/03/20;684;1;1;267;116;8;98;599;684;0;151;0;-45;-1;0;1;770
13/03/20;800;1;1;309;134;8;129;814;1175;0;152;0;1;0;1;2;922
14/3/2020;924;2;1;341;155;9;170;961;1681;0,6000;71;1;-81;1;1;3;993
15/03/20;992;3;1;359;159;9;197;1022;2407;0,7992;69;1;-2;0;2;5;1062
16/03/20;1059;7;1;377;176;9;201;1103;3445;0,8547;83;4;14;3;2;7;1145
17/03/20;1167;8;1;410;179;12;207;1190;4931;0,9072;119;1;36;-3;1;8;1264
18/03/20;1279;10;1;446;199;23;209;1279;7057;0,9313;145;2;26;1;6;14;1409
19/03/20;1423;10;16;501;207;27;216;1439;10101;0,9272;143;0;-2;-2;7;21;1552
20/03/20;1623;11;16;606;228;33;220;1639;;0,9168;180;1;37;1;9;30;1732
21/03/20;1746;20;16;661;242;41;223;1763;;0,9343;134;9;-46;8;8;38;1866
22/03/20;1906;21;16;760;250;42;228;1931;;0,9393;117;1;-17;-8;11;49;1983
23/03/20;2016;25;16;816;254;42;231;2046;;0,9422;182;4;65;3;11;60;2165
24/3/2020;2272;36;16;959;265;48;238;2286;;0,9499;230;11;48;7;21;81;2395
25/3/2020;2510;42;16;1070;275;58;246;2526;;0,9543;314;6;84;-5;22;103;2709
26/3/2020;2806;66;16;1216;297;66;256;2840;;0,9616;286;24;-28;18;31;134;2995
27/3/2020;3046;92;16;1300;317;68;263;3069;;0,9678;366;26;80;2;32;166;3361
28/3/2020;3447;102;16;1500;330;75;271;3447;;0,9716;300;10;-66;-16;35;201;3661
29/3/2020;3700;110;16;1700;351;77;275;3700;;0,9727;281;8;-19;-2;38;239;3942
30/3/2020;4028;146;16;1806;372;86;279;4028;;0,9747;416;36;135;28;45;284;4358
31/3/2020;4435;180;16;1979;399;109;283;4435;;0,9763;475;34;59;-2;48;332;4833
1/4/2020;4947;239;;2224;427;117;291;4947;;0,9783;486;59;11;25;53;385;5319
2/4/2020;5466;282;;2439;457;121;298;5568;;0,9796;554;43;68;-16;70;455;5873
3/4/2020;6078;333;;2662;509;166;311;6131;;0,9804;601;51;47;8;79;534;6474
4/4/2020;6443;373;;2849;537;166;322;6443;;0,9804;357;40;-244;-11;70;604;6831
5/4/2020;6830;401;;3016;561;172;333;6830;;0,9792;340;28;-17;-12;86;690;7171
6/4/2020;7206;477;;3143;605;173;348;7206;;0,9783;389;76;49;48;90;780;7560
7/4/2020;7693;591;;3279;674;185;366;7693;;0,9780;738;114;349;38;84;864;8298
8/4/2020;8419;687;;3577;730;230;381;8419;;0,9776;655;96;-83;-18;115;979;8953
9/4/2020;9141;793;;3831;827;279;397;9141;;0,9771;645;106;-10;10;86;1065;9598
10/4/2020;9685;870;;4061;902;302;405;9685;;0,9761;454;77;-191;-29;90;1155;10052
11/4/2020;10151;887;;4205;982;308;429;10151;;0,9740;395;17;-59;-60;103;1258;10447
12/4/2020;10483;899;;4397;1018;316;435;10483;;0,9708;464;12;69;-5;97;1355;10911
13/4/2020;10948;919;;4575;1064;383;449;10948;;0,9669;437;20;-27;8;85;1440;11348
14/4/2020;11445;1033;;4806;1106;388;458;11445;;0,9634;479;114;42;94;91;1531;11827
15/4/2020;11927;1203;;4990;1171;401;481;;;0,9608;604;170;125;56;115;1646;12431
16/4/2020;12540;1333;;5206;1242;421;498;;;0,9583;623;130;19;-40;111;1757;13054
17/4/2020;13216;1400;;5387;1316;537;514;;;0,9555;688;67;65;-63;82;1839;13742
18/4/2020;13822;1511;;5651;1405;566;530;;;0,9527;532;111;-156;44;86;1925;14274
19/4/2020;14385;1540;;5826;1442;617;544;;;;388;29;-144;-82;88;2013;14662
20/4/2020;14777;1580;;5992;1478;630;549;;;;461;40;73;11;85;2098;15123
21/4/2020;15322;1765;;6189;1557;663;560;;;;706;185;245;145;62;2160;15829
22/4/2020;16004;1937;;6401;1667;720;575;;;;722;172;16;-13;77;2237;16551
23/4/2020;16755;2021;;6681;1745;753;592;;;;758;84;36;-88;86;2323;17309
24/4/2020;17567;2152;;6967;1886;802;606;;;;786;131;28;47;89;2412;18095
25/4/2020;18177;2192;;7148;1965;838;644;;;;473;40;-313;-91;73;2485;18568
26/4/2020;18640;2194;;7290;2058;860;656;;;;300;2;-173;-38;75;2560;18868
27/4/2020;18926;2274;;7378;2101;877;679;;;;576;80;276;78;73;2633;19444
28/4/2020;19621;2355;;7622;2212;928;713;;;;761;81;185;1;82;2715;20205
29/4/2020;20302;2462;;7835;2291;974;746;;;;830;107;69;26;83;2798;21035
30/4/2020;21092;2586;;8033;2459;1013;783;;;;678;124;-152;17;78;2876;21713
1/5/2020;21520;2653;;8205;2512;1035;809;;;;532;67;-146;-57;78;2954;22245
2/5/2020;22082;2669;;8334;2636;1078;823;;;;298;16;-234;-51;73;3027;22543
3/5/2020;22317;2679;;8405;2661;1090;851;;;;262;10;-36;-6;75;3102;22805
4/5/2020;22721;2769;;8536;2720;1111;857;;;;501;90;239;80;84;3186;23306
5/5/2020;23216;2854;;8686;2813;1129;899;;;;662;85;161;-5;72;3258;23968
6/5/2020;23918;2941;;8833;2971;1182;932;;;;752;87;90;2;73;3331;24720
7/5/2020;24623;3040;;9027;3117;1225;962;;;;822;99;70;12;80;3411;25542
8/5/2020;25265;3175;;9227;3254;1242;1004;;;;713;135;-109;36;60;3471;26255
9/5/2020;25921;3220;;9461;3378;1282;1026;;;;509;45;-204;-90;67;3538;26764
10/5/2020;26322;3225;;9536;3473;1305;1044;;;;278;5;-231;-40;74;3612;27042
11/5/2020;26670;3256;;9607;3560;1323;1061;;;;487;31;209;26;64;3676;27529
12/5/2020;27272;3313;;9829;3679;1367;1088;;;;802;57;315;26;61;3737;28331
13/5/2020;27909;3460;;9998;3785;1407;1121;;;;721;147;-81;90;50;3787;29052
14/5/2020;28582;3529;;10188;3910;1433;1159;;;;686;69;-35;-78;46;3833;29738
15/5/2020;29207;3646;;10311;4112;1432;1189;;;;712;117;26;48;57;3890;30450
16/5/2020;29677;3674;;10425;4201;1481;1220;;;;358;28;-354;-89;48;3938;30808
17/5/2020;30143;3679;;10490;4352;1501;1248;;;;259;5;-99;-23;53;3991;31067
18/5/2020;30377;3698;;10549;4390;1507;1262;;;;457;19;198;14;61;4052;31524
19/5/2020;30799;3743;;10668;4442;1515;1304;;;;691;45;234;26;39;4091;32215
20/5/2020;31523;3831;;10783;4619;1557;1350;;;;827;88;136;43;54;4145;33042
21/5/2020;32172;3871;;10909;4705;1591;1396;;;;614;40;-213;-48;53;4198;33656
22/5/2020;32809;3925;;11020;4931;1629;1426;;;;535;54;-79;14;55;4253;34191
23/5/2020;33188;3992;;11081;5019;1633;1469;;;;403;67;-132;13;56;4309;34594
24/5/2020;33459;3998;;11211;5050;1639;1482;;;;210;6;-193;-61;43;4352;34804
25/5/2020;33843;4029;;11271;5164;1677;1493;;;;513;31;303;25;42;4394;35317
26/5/2020;34440;4125;;11419;5267;1687;1545;;;;763;96;250;65;28;4422;36080
27/5/2020;35088;4220;;11573;5377;1715;1588;;;;820;95;57;-1;39;4461;36900
28/5/2020;35727;4266;;11652;5480;1750;1623;;;;780;46;-40;-49;40;4501;37680
29/5/2020;36476;4350;;11911;5574;1777;1664;;;;781;84;1;38;40;4541;38461
30/5/2020;37113;4395;;12060;5772;1795;1704;;;;432;45;-349;-39;39;4580;38893
31/5/2020;37542;4395;;12149;5898;1795;1739;;;;265;0;-167;-45;45;4625;39158
1/6/2020;37814;4403;;12208;6021;1795;1747;;;;653;8;388;8;40;4665;39811
2/6/2020;38589;4468;;12333;6184;1853;1793;;;;906;65;253;57;36;4701;40717
3/6/2020;40803;4542;;13877;6414;1870;1848;;;;1082;74;176;9;26;4727;41799
4/6/2020;41883;4562;;14108;6833;1894;1892;;;;1057;20;-25;-54;45;4772;42856
5/6/2020;42939;4639;;14366;7218;1896;1928;;;;1162;77;105;57;38;4810;44018
6/6/2020;43887;4656;;14571;7589;1942;1957;;;;826;17;-336;-60;29;4839;44843
7/6/2020;44730;4659;;14745;7973;1957;1985;;;;462;3;-364;-14;33;4872;45304
8/6/2020;45133;4694;;14803;8128;1975;1995;;;;675;35;213;32;38;4910;45971
9/6/2020;45924;4717;;14971;8383;1983;2028;;;;963;23;288;-12;34;4944;46944
10/6/2020;46814;4795;;15173;8608;2016;2088;;;;1486;78;523;55;40;4984;48430
11/6/2020;48288;4814;;15425;9255;2036;2144;;;;1346;19;-140;-59;35;5019;49776
12/6/2020;49684;4854;;15673;9752;2077;2198;;;;1390;40;44;21;29;5048;51166
13/6/2020;50931;4874;;15844;10231;2096;2254;;;;1113;20;-277;-20;33;5081;52279
14/6/2020;51614;4874;;15971;10609;2099;2270;;;;418;0;-695;-20;27;5108;52697
15/6/2020;52383;4891;;16607;10743;2107;2300;;;;708;17;290;17;30;5138;53405
16/6/2020;53323;4939;;16275;11083;2151;2336;;;;1282;48;574;31;28;5166;54687
17/6/2020;54562;5041;;16492;11455;2176;2437;;;;1502;102;220;54;32;5198;56189
18/6/2020;56043;5053;;16878;11828;2183;2532;;;;1559;12;57;-90;29;5227;57748
19/6/2020;56043;5053;;16878;11828;2183;2532;;;;1320;0;-239;-12;29;5256;59068
20/6/2020;56043;5053;;16878;11828;2183;2532;;;;773;0;-547;0;28;5284;59841
21/6/2020;56043;5053;;16878;11828;2183;2532;;;;322;0;-451;0;21;5305;60163
22/6/2020;58932;5122;;17285;12853;2214;2707;;;;812;69;490;69;21;5326;60975
23/6/2020;60837;5161;;18334;13065;2236;2742;;;;1344;39;532;-30;25;5351;62319
24/6/2020;62324;5209;;18595;13510;2253;2809;;;;1804;48;460;9;22;5373;64123
25/6/2020;63890;5230;;18852;14013;2279;2897;;;;1333;21;-471;-27;24;5397;65456
26/6/2020;65137;5280;;19164;14384;2293;2952;;;;1238;50;-95;29;11;5408;66694
27/6/2020;65137;5280;;19164;14384;2293;2952;;;;887;0;-351;-50;13;5421;67581
28/6/2020;65137;5280;;19164;14384;2293;2952;;;;475;0;-412;0;22;5443;68056
29/6/2020;67667;5310;;19892;15006;2316;3020;;;;777;30;302;30;18;5461;68833
30/6/2020;68451;5333;;20171;15173;2319;3051;;;;904;23;127;-7;19;5480;69737
1/7/2020;69692;5370;;20547;15408;2333;3072;;;;721;37;-183;14;16;5496;70458
2/7/2020;70639;5411;;20759;15628;2363;3095;;;;769;41;48;4;14;5510;71227
3/7/2020;71419;5420;;20933;15759;2385;3121;;;;802;9;33;-32;8;5518;72029
4/7/2020;71419;5420;;20933;15759;2385;3121;;;;489;0;-313;-9;15;5533;72518
5/7/2020;71419;5420;;20933;15759;2385;3121;;;;432;0;-57;0;9;5542;72950
6/7/2020;73061;5433;;21444;16210;2421;3153;;;;261;13;-171;13;15;5557;73211
7/7/2020;73344;5447;;21490;16231;2443;3173;;;;296;14;35;1;12;5569;73507
8/7/2020;73858;5482;;21629;16403;2446;3186;;;;709;35;413;21;11;5580;74216
9/7/2020;74333;5500;;21705;16507;2461;3210;;;;474;18;-235;-17;13;5593;74690
10/7/2020;74898;5526;;21907;16650;2469;3245;;;;481;26;7;8;12;5605;75171
11/7/2020;74898;5526;;21907;16650;2469;3245;;;;455;0;-26;-26;7;5612;75626
12/7/2020;74898;5526;;21907;16650;2469;3245;;;;114;0;-341;0;8;5620;75740
13/7/2020;75826;5536;;22142;16873;2482;3278;;;;173;10;59;10;11;5631;75913
14/7/2020;76001;5545;;22171;16894;2491;3301;;;;425;9;252;-1;7;5638;76338
15/7/2020;76492;5572;;22382;16983;2480;3330;;;;430;27;5;18;6;5644;76768
16/7/2020;76877;5593;;22467;17126;2447;3357;;;;364;21;-66;-6;4;5648;77132
17/7/2020;77281;5619;;22600;17232;2452;3391;;;;409;26;45;5;4;5652;77541
18/7/2020;77281;5619;;22600;17232;2452;3391;;;;358;0;-51;-26;3;5655;77899
19/7/2020;77281;5619;;22600;17232;2452;3391;;;;115;0;-243;0;2;5657;78013
20/7/2020;78048;5639;;22760;17484;2456;3429;;;;134;20;19;20;3;5660;78148
21/7/2020;78166;5646;;22780;17500;2458;3464;;;;233;7;99;-13;3;5663;78381
22/7/2020;78504;5667;;22880;17571;2460;3492;;;;333;21;100;14;0;5663;78713
23/7/2020;78763;5676;;22943;17658;2463;3520;;;;53;9;-280;-12;0;5663;78765