Date;Total (official);Deaths (official);Recovered;Stockholm;Västra Götland;Örebro;Skåne;New Cases (official);New Deaths (official);Actual New Deaths (official);TOTAL Actual Deaths (official);TOTAL Actual Cases (official);Actual New Cases Stockholm (official);Actual New Cases Västra Götland (official);Actual New Cases Örebro (official)
31/01/20;1;0;0;0;0;0;0;0;0;0;0;0;0;0;0
26/02/20;2;0;0;0;1;0;0;1;0;0;0;1;0;1;0
27/02/20;7;0;0;1;4;0;0;1;0;0;0;2;1;0;0
28/02/20;11;0;0;3;4;0;0;8;0;0;0;10;2;3;0
29/02/20;13;0;0;4;5;0;0;3;0;0;0;13;0;2;0
01/03/20;14;0;0;4;6;0;0;0;0;0;0;13;0;0;0
02/03/20;15;0;0;5;6;0;0;5;0;0;0;18;1;3;0
03/03/20;30;0;0;15;9;0;1;13;0;0;0;31;10;2;0
04/03/20;52;0;0;31;11;1;2;30;0;0;0;61;21;1;1
05/03/20;94;0;0;59;12;1;9;25;0;0;0;86;22;1;0
06/03/20;137;0;0;80;14;1;14;59;0;0;0;145;36;1;0
07/03/20;162;0;0;102;14;1;17;33;0;0;0;178;21;5;1
08/03/20;203;0;0;115;26;4;22;46;0;0;0;224;29;11;2
09/03/20;259;0;1;147;33;4;22;101;0;0;0;325;64;15;0
10/03/20;355;0;1;207;48;5;25;98;0;0;0;423;26;13;0
11/03/20;497;1;1;233;85;7;60;196;1;1;1;619;32;57;0
12/03/20;684;1;1;267;116;8;98;151;0;0;1;770;42;19;3
13/03/20;800;1;1;309;134;8;129;152;0;1;2;922;31;19;2
14/3/2020;924;2;1;341;155;9;170;71;1;1;3;993;18;5;0
15/03/20;992;3;1;359;159;9;197;69;1;2;5;1062;17;18;0
16/03/20;1059;7;1;377;176;9;201;83;4;2;7;1145;34;6;0
17/03/20;1167;8;1;410;179;12;207;119;1;1;8;1264;35;13;16
18/03/20;1279;10;1;446;199;23;209;145;2;6;14;1409;58;10;3
19/03/20;1423;10;16;501;207;27;216;143;0;7;21;1552;66;14;9
20/03/20;1623;11;16;606;228;33;220;180;1;9;30;1732;84;23;5
21/03/20;1746;20;16;661;242;41;223;136;9;8;38;1868;71;8;0
22/03/20;1906;21;16;760;250;42;228;118;1;11;49;1986;59;4;0
23/03/20;2016;25;16;816;254;42;231;182;4;11;60;2168;99;9;6
24/3/2020;2272;36;16;959;265;48;238;230;11;21;81;2398;105;10;11
25/3/2020;2510;42;16;1070;275;58;246;314;6;22;103;2712;154;19;8
26/3/2020;2806;66;16;1216;297;66;256;286;24;31;134;2998;132;20;6
27/3/2020;3046;92;16;1300;317;68;263;365;26;32;166;3363;176;18;6
28/3/2020;3447;102;16;1500;330;75;271;300;10;35;201;3663;147;25;8
29/3/2020;3700;110;16;1700;351;77;275;280;8;38;239;3943;150;15;3
30/3/2020;4028;146;16;1806;372;86;279;416;36;45;284;4359;172;27;17
31/3/2020;4435;180;16;1979;399;109;283;475;34;48;332;4834;209;29;11
1/4/2020;4947;239;;2224;427;117;291;486;59;53;385;5320;205;29;5
2/4/2020;5466;282;;2439;457;121;298;554;43;70;455;5874;216;47;28
3/4/2020;6078;333;;2662;509;166;311;601;51;79;534;6475;245;48;20
4/4/2020;6443;373;;2849;537;166;322;357;40;70;604;6832;129;30;3
5/4/2020;6830;401;;3016;561;172;333;340;28;86;690;7172;172;30;0
6/4/2020;7206;477;;3143;605;173;348;389;76;90;780;7561;131;53;12
7/4/2020;7693;591;;3279;674;185;366;738;114;84;864;8299;243;64;73
8/4/2020;8419;687;;3577;730;230;381;655;96;115;979;8954;271;68;37
9/4/2020;9141;793;;3831;827;279;397;645;106;86;1065;9599;240;116;10
10/4/2020;9685;870;;4061;902;302;405;454;77;90;1155;10053;148;69;7
11/4/2020;10151;887;;4205;982;308;429;395;17;103;1258;10448;200;32;13
12/4/2020;10483;899;;4397;1018;316;435;464;12;97;1355;10912;182;42;75
13/4/2020;10948;919;;4575;1064;383;449;437;20;85;1440;11349;200;48;21
14/4/2020;11445;1033;;4806;1106;388;458;479;114;91;1531;11828;179;63;53
15/4/2020;11927;1203;;4990;1171;401;481;604;170;115;1646;12432;215;70;30
16/4/2020;12540;1333;;5206;1242;421;498;623;130;111;1757;13055;221;84;30
17/4/2020;13216;1400;;5387;1316;537;514;688;67;82;1839;13743;221;77;32
18/4/2020;13822;1511;;5651;1405;566;530;532;111;86;1925;14275;180;48;52
19/4/2020;14385;1540;;5826;1442;617;544;388;29;88;2013;14663;192;31;6
20/4/2020;14777;1580;;5992;1478;630;549;461;40;84;2097;15124;211;50;23
21/4/2020;15322;1765;;6189;1557;663;560;707;185;62;2159;15831;163;123;64
22/4/2020;16004;1937;;6401;1667;720;575;722;172;77;2236;16553;288;79;27
23/4/2020;16755;2021;;6681;1745;753;592;758;84;86;2322;17311;291;72;38
24/4/2020;17567;2152;;6967;1886;802;606;780;131;89;2411;18091;233;147;41
25/4/2020;18177;2192;;7148;1965;838;644;473;40;73;2484;18564;138;94;37
26/4/2020;18640;2194;;7290;2058;860;656;300;2;75;2559;18864;110;46;17
27/4/2020;18926;2274;;7378;2101;877;679;563;80;73;2632;19427;226;99;18
28/4/2020;19621;2355;;7622;2212;928;713;742;81;82;2714;20169;259;83;74
29/4/2020;20302;2462;;7835;2291;974;746;798;107;84;2798;20967;279;149;34
30/4/2020;21092;2586;;8033;2459;1013;783;635;124;78;2876;21602;257;95;44
1/5/2020;21520;2653;;8205;2512;1035;809;532;67;78;2954;22134;141;123;34
2/5/2020;22082;2669;;8334;2636;1078;823;299;16;73;3027;22433;80;33;20
3/5/2020;22317;2679;;8405;2661;1090;851;261;10;75;3102;22694;128;42;14
4/5/2020;22721;2769;;8536;2720;1111;857;476;90;84;3186;23170;173;75;17
5/5/2020;23216;2854;;8686;2813;1129;899;657;85;72;3258;23827;173;110;49
6/5/2020;23918;2941;;8833;2971;1182;932;745;87;73;3331;24572;213;177;35
7/5/2020;24623;3040;;9027;3117;1225;962;784;99;80;3411;25356;304;163;37
8/5/2020;25265;3175;;9227;3254;1242;1004;700;135;60;3471;26056;235;129;35
9/5/2020;25921;3220;;9461;3378;1282;1026;509;45;69;3540;26565;115;109;29
10/5/2020;26322;3225;;9536;3473;1305;1044;278;5;73;3613;26843;78;86;16
11/5/2020;26670;3256;;9607;3560;1323;1061;455;31;65;3678;27298;242;54;27
12/5/2020;27272;3313;;9829;3679;1367;1088;754;57;61;3739;28052;282;150;46
13/5/2020;27909;3460;;9998;3785;1407;1121;698;147;50;3789;28750;259;133;30
14/5/2020;28582;3529;;10188;3910;1433;1159;657;69;46;3835;29407;177;151;24
15/5/2020;29207;3646;;10311;4112;1432;1189;688;117;59;3894;30095;208;154;26
16/5/2020;29677;3674;;10425;4201;1481;1220;358;28;49;3943;30453;64;97;20
17/5/2020;30143;3679;;10490;4352;1501;1248;259;5;53;3996;30712;59;89;3
18/5/2020;30377;3698;;10549;4390;1507;1262;430;19;59;4055;31142;177;40;11
19/5/2020;30799;3743;;10668;4442;1515;1304;666;45;42;4097;31808;202;105;22
20/5/2020;31523;3831;;10783;4619;1557;1350;808;88;52;4149;32616;192;162;54
21/5/2020;32172;3871;;10909;4705;1591;1396;610;40;55;4204;33226;124;168;38
22/5/2020;32809;3925;;11020;4931;1629;1426;532;54;56;4260;33758;148;146;10
23/5/2020;33188;3992;;11081;5019;1633;1469;403;67;55;4315;34161;78;84;8
24/5/2020;33459;3998;;11211;5050;1639;1482;210;6;45;4360;34371;59;27;29
25/5/2020;33843;4029;;11271;5164;1677;1493;491;31;42;4402;34861;182;107;11
26/5/2020;34440;4125;;11419;5267;1687;1545;746;96;28;4430;35606;213;119;28
27/5/2020;35088;4220;;11573;5377;1715;1588;800;95;38;4468;36408;226;106;31
28/5/2020;35727;4266;;11652;5480;1750;1623;774;46;40;4508;37182;284;102;31
29/5/2020;36476;4350;;11911;5574;1777;1664;773;84;41;4549;37955;218;223;18
30/5/2020;37113;4395;;12060;5772;1795;1704;432;45;39;4588;38387;73;117;0
31/5/2020;37542;4395;;12149;5898;1795;1739;265;0;46;4634;38652;67;99;0
1/6/2020;37814;4403;;12208;6021;1795;1747;648;8;39;4673;39300;162;93;51
2/6/2020;38589;4468;;12333;6184;1853;1793;901;65;37;4710;40201;153;269;18
3/6/2020;40803;4542;;13877;6414;1870;1848;1046;74;28;4738;41247;251;429;24
4/6/2020;41883;4562;;14108;6833;1894;1892;1039;20;43;4781;42286;220;405;8
5/6/2020;42939;4639;;14366;7218;1896;1928;1146;77;37;4818;43431;238;483;46
6/6/2020;43887;4656;;14571;7589;1942;1957;780;17;30;4848;44210;207;284;19
7/6/2020;44730;4659;;14745;7973;1957;1985;462;3;33;4881;44664;47;230;15
8/6/2020;45133;4694;;14803;8128;1975;1995;677;35;38;4919;45338;242;123;7
9/6/2020;45924;4717;;14971;8383;1983;2028;936;23;33;4952;46274;257;258;26
10/6/2020;46814;4795;;15173;8608;2016;2088;1437;78;40;4992;47706;267;584;27
11/6/2020;48288;4814;;15425;9255;2036;2144;1293;19;36;5028;48986;222;529;36
12/6/2020;49684;4854;;15673;9752;2077;2198;1329;40;30;5058;50285;203;541;12
13/6/2020;50931;4874;;15844;10231;2096;2254;1032;20;33;5091;51292;182;448;14
14/6/2020;51614;4874;;15971;10609;2099;2270;418;0;27;5118;51651;75;162;11
15/6/2020;52383;4891;;16607;10743;2107;2300;684;17;31;5149;52302;141;222;8
16/6/2020;53323;4939;;16275;11083;2151;2336;1209;48;28;5177;53465;238;354;54
17/6/2020;54562;5041;;16492;11455;2176;2437;1457;102;33;5210;54821;380;335;20
18/6/2020;56043;5053;;16878;11828;2183;2532;1494;12;29;5239;56217;424;304;21
19/6/2020;56043;5053;;16878;11828;2183;2532;1209;0;30;5268;57230;448;279;10
20/6/2020;56043;5053;;16878;11828;2183;2532;698;0;28;5296;57777;211;385;1
21/6/2020;56043;5053;;16878;11828;2183;2532;321;0;22;5317;57946;92;139;5
22/6/2020;58932;5122;;17285;12853;2214;2707;800;69;20;5336;58675;230;262;8
23/6/2020;60837;5161;;18334;13065;2236;2742;1311;39;25;5359;59917;244;268;19
24/6/2020;62324;5209;;18595;13510;2253;2809;1698;48;22;5379;61532;322;512;8
25/6/2020;63890;5230;;18852;14013;2279;2897;1280;21;24;5402;62693;252;377;27
26/6/2020;65137;5280;;19164;14384;2293;2952;1203;50;11;5407;63751;229;313;16
27/6/2020;65137;5280;;19164;14384;2293;2952;755;0;14;5414;64363;322;232;6
28/6/2020;65137;5280;;19164;14384;2293;2952;415;0;23;5428;64598;226;176;4
29/6/2020;67667;5310;;19892;15006;2316;3020;727;30;16;5436;65189;286;137;3
30/6/2020;68451;5333;;20171;15173;2319;3051;803;23;21;5446;65874;215;254;14
1/7/2020;69692;5370;;20547;15408;2333;3072;684;37;16;5451;66376;194;105;8
2/7/2020;70639;5411;;20759;15628;2363;3095;687;41;15;5445;66833;196;218;19
3/7/2020;71419;5420;;20933;15759;2385;3121;694;9;8;5431;67213;222;186;6
4/7/2020;71419;5420;;20933;15759;2385;3121;364;0;15;5415;67291;143;178;16
5/7/2020;71419;5420;;20933;15759;2385;3121;315;0;9;5392;67241;137;124;0
6/7/2020;73061;5433;;21444;16210;2421;3153;251;13;15;5372;67192;53;19;7
7/7/2020;73344;5447;;21490;16231;2443;3173;278;14;12;5346;67190;47;54;7
8/7/2020;73858;5482;;21629;16403;2446;3186;533;35;11;5312;67307;183;214;11
9/7/2020;74333;5500;;21705;16507;2461;3210;334;18;15;5279;67166;145;138;6
10/7/2020;74898;5526;;21907;16650;2469;3245;369;26;14;5240;67049;125;96;11
11/7/2020;74898;5526;;21907;16650;2469;3245;308;0;10;5180;66803;129;137;3
12/7/2020;74898;5526;;21907;16650;2469;3245;106;0;9;5110;66308;29;23;2
13/7/2020;75826;5536;;22142;16873;2482;3278;170;10;14;5054;66121;31;23;7
14/7/2020;76001;5545;;22171;16894;2491;3301;312;9;8;4976;66093;162;62;2
15/7/2020;76492;5572;;22382;16983;2480;3330;287;27;6;4892;65991;120;140;9
16/7/2020;76877;5593;;22467;17126;2447;3357;268;21;6;4814;65521;129;66;5
17/7/2020;77281;5619;;22600;17232;2452;3391;284;26;7;4706;65150;109;115;2
18/7/2020;77281;5619;;22600;17232;2452;3391;192;0;11;4631;64697;56;172;3
19/7/2020;77281;5619;;22600;17232;2452;3391;110;0;8;4549;64353;18;37;0
20/7/2020;78048;5639;;22760;17484;2456;3429;131;20;7;4453;74537;24;14;2
21/7/2020;78166;5646;;22780;17500;2458;3464;226;7;7;4363;74763;84;30;2
22/7/2020;78504;5667;;22880;17571;2460;3492;297;21;6;4284;75059;78;104;3
23/7/2020;78763;5676;;22943;17658;2463;3520;220;9;5;4198;75278;56;64;7
24/7/2020;78997;5697;;22997;17732;2470;3535;262;21;3;4086;75532;63;86;4
25/7/2020;78997;5697;;22997;17732;2470;3535;138;0;1;3976;75667;22;56;4
26/7/2020;78997;5697;;22997;17732;2470;3535;42;0;2;3896;75709;21;8;0
27/7/2020;79395;5700;;23101;17850;2478;3568;71;3;6;3816;75775;9;10;3
28/7/2020;79494;5702;;23123;17859;2481;3598;283;2;6;3734;76045;78;112;10
29/7/2020;79782;5730;;23188;17970;2490;3612;301;28;2;3652;76316;47;114;0
30/7/2020;80100;5739;;23239;18065;2491;3653;302;9;0;3590;76593;50;114;7
31/7/2020;80422;5743;;23304;18205;2499;3684;258;4;3;3516;76792;43;68;17
1/8/2020;80422;5743;;23304;18205;2499;3684;303;0;3;3433;77062;64;177;3
2/8/2020;80422;5743;;23304;18205;2499;3684;38;0;3;3347;77054;6;10;0
3/8/2020;81012;5744;;23396;18450;2518;3732;165;1;4;3278;77118;22;19;6
4/8/2020;81181;5747;;23427;18471;2524;3766;333;3;2;3205;77353;92;109;8
5/8/2020;81540;5760;;23528;18580;2534;3777;425;13;3;3135;77582;59;163;7
6/8/2020;81967;5766;;23575;18742;2539;3826;378;6;4;3057;77809;67;138;15
7/8/2020;82323;5763;;23646;18881;2554;3861;380;-3;3;2976;78037;49;134;7
8/8/2020;82323;5763;;23646;18881;2554;3861;260;0;1;2899;78226;51;102;8
9/8/2020;82323;5763;;23646;18881;2554;3861;73;0;4;2825;78230;24;6;0
10/8/2020;82972;5766;;23754;19120;2569;3904;196;3;2;2754;78343;37;29;3
11/8/2020;83126;5770;;23788;19123;2569;3949;417;4;4;2683;78641;102;108;14
12/8/2020;83455;5774;;23848;19204;2583;3984;444;4;3;2602;78940;81;140;10
13/8/2020;83852;5776;;23935;19299;2594;4052;362;2;6;2536;79159;55;127;5
14/8/2020;84294;5783;;24019;19427;2601;4096;344;7;2;2465;79323;81;86;8
15/8/2020;84294;5783;;24019;19427;2601;4096;226;0;1;2386;79413;55;57;4
16/8/2020;84294;5783;;24019;19427;2601;4096;63;0;0;2326;79358;5;32;1
17/8/2020;85045;5787;;24176;19698;2613;4153;174;4;3;2260;79350;35;6;8
18/8/2020;85219;5790;;24209;19701;2622;4227;314;3;5;2192;79434;71;58;5
19/8/2020;85411;5802;;24233;19713;2625;4272;351;12;1;2128;79471;73;105;12
20/8/2020;85810;5805;;24335;19813;2638;4326;333;3;2;2069;79518;65;112;4
21/8/2020;86068;5810;;24387;19898;2642;4381;298;5;5;2024;79451;59;67;3
22/8/2020;86068;5810;;24387;19898;2642;4381;160;0;1;1979;79311;49;27;0
23/8/2020;86068;5810;;24387;19898;2642;4381;57;0;3;1923;79088;1;22;0
24/8/2020;86721;5813;;24528;20092;2647;4448;174;3;1;1875;78846;30;13;3
25/8/2020;86891;5814;;24565;20098;2647;4534;223;1;1;1823;78594;49;32;5
26/8/2020;87072;5817;;24619;20111;2653;4580;244;3;2;1766;78352;47;40;2
27/8/2020;83898;5820;;22942;18776;2655;4631;202;3;1;1725;78000;35;54;3
28/8/2020;83958;5821;;22941;18688;2657;4685;179;1;1;1674;77578;39;31;0
29/8/2020;83958;5821;;22941;18688;2657;4685;131;0;1;1620;77352;26;45;0
30/8/2020;83958;5821;;22941;18688;2657;4685;48;0;3;1567;77060;14;18;0
31/8/2020;84379;5808;;23032;18815;2659;4734;162;-13;2;1514;76833;20;11;0
1/9/2020;84521;5813;;23053;18820;2659;4802;172;5;3;1472;76267;31;27;30
2/9/2020;84532;5820;;23014;18768;2688;4807;213;7;2;1432;75825;38;53;14
3/9/2020;84729;5832;;23046;18809;2703;4847;286;12;2;1406;75466;59;55;16
4/9/2020;84985;5835;;23089;18860;2710;4887;262;3;0;1368;75274;53;75;14
5/9/2020;84985;5835;;23089;18860;2710;4887;171;0;0;1328;75050;42;39;9
6/9/2020;84985;5835;;23089;18860;2710;4887;67;0;3;1290;74653;11;35;3
7/9/2020;85558;5837;;23219;19027;2743;4934;185;2;1;1252;74401;11;34;9
8/9/2020;85707;5838;;23229;19052;2750;4992;238;1;1;1207;74160;39;33;10
9/9/2020;85880;5842;;23241;19091;2760;5011;314;4;2;1170;73870;44;66;15
10/9/2020;86194;5843;;23294;19130;2773;5061;257;1;2;1135;73504;50;66;9
11/9/2020;86505;5846;;23346;19224;2783;5106;292;3;4;1111;73108;65;57;8
12/9/2020;86505;5846;;23346;19224;2783;5106;206;0;1;1069;72782;78;20;15
13/9/2020;86505;5846;;23346;19224;2783;5106;106;0;2;1034;72500;18;28;9
14/9/2020;86505;5846;;23346;19224;2783;5106;220;0;2;1006;72259;23;27;2
15/9/2020;87345;5851;;23541;19352;2823;5239;295;5;1;974;71847;54;48;16
16/9/2020;87575;5860;;23566;19401;2834;5282;331;9;2;938;71456;94;54;19
17/9/2020;87885;5864;;23633;19450;2849;5320;390;4;1;906;71088;135;60;9
18/9/2020;88237;5865;;23739;19514;2860;5366;437;1;1;867;70745;124;68;19
19/9/2020;88237;5865;;23739;19514;2860;5366;279;0;1;832;70551;95;50;9
20/9/2020;88237;5865;;23739;19514;2860;5366;133;0;4;806;70384;14;33;11
21/9/2020;88237;5865;;23739;19514;2860;5366;268;0;2;775;70089;67;19;9
22/9/2020;89436;5870;;24117;19681;2911;5508;438;5;1;749;69785;141;40;9
23/9/2020;89756;5876;;24179;19709;2922;5556;554;6;0;718;69541;181;147;7
24/9/2020;90289;5878;;24309;19845;2930;5596;540;2;1;691;69446;159;121;6
25/9/2020;90923;5880;;24594;19972;2936;5640;632;2;4;662;69546;185;96;10
26/9/2020;90923;5880;;24594;19972;2936;5640;325;0;2;635;69572;155;21;8
27/9/2020;90923;5880;;24594;19972;2936;5640;167;0;1;606;69478;35;47;10
28/9/2020;90923;5880;;24594;19972;2936;5640;378;0;1;579;69380;82;43;9
29/9/2020;92466;5890;;25046;20202;2969;5793;613;10;1;558;69336;261;48;18
30/9/2020;92863;5893;;25146;20247;2991;5861;688;3;4;542;69279;221;83;26
1/10/2020;93615;5893;;24459;20328;3014;5950;634;0;1;518;69129;228;85;19
2/10/2020;94283;5895;;25668;20406;3025;6034;712;2;3;499;69141;235;85;35
3/10/2020;94283;5895;;25668;20406;3025;6034;461;0;3;478;69093;182;37;28
4/10/2020;94283;5895;;25668;20406;3025;6034;155;0;3;470;68970;44;21;22
5/10/2020;94283;5895;;25668;20406;3025;6034;375;0;2;458;68890;71;34;25
6/10/2020;96145;5883;;26306;20596;3139;6217;786;-12;4;439;68922;297;96;37
7/10/2020;96677;5892;;26456;20647;3181;6247;831;9;3;426;69055;270;137;28
8/10/2020;97532;5892;;26824;20754;3202;6309;835;0;1;406;69233;309;90;61
9/10/2020;98451;5894;;27161;20876;3256;6403;785;2;2;392;69330;291;101;33
10/10/2020;98451;5894;;27161;20876;3256;6403;510;0;3;380;69482;193;66;38
11/10/2020;98451;5894;;27161;20876;3256;6403;161;0;1;373;69384;72;13;36
12/10/2020;98451;5894;;27161;20876;3256;6403;637;0;2;360;69591;90;38;40
13/10/2020;100654;5899;;27821;21136;3406;6594;916;5;1;352;69841;293;101;45
14/10/2020;101332;5907;;27942;21225;3460;6675;970;8;1;338;70003;320;153;53
15/10/2020;102407;5910;;28346;21355;3505;6807;596;3;0;326;69989;146;83;32
16/10/2020;103200;5918;;28592;21475;3549;6920;0;8;0;315;69457;0;0;0